10.0 0.00027063599458728013
11.0 0.0005412719891745603
13.0 0.0018944519621109607
14.0 0.002976995940460081
15.0 0.002165087956698241
16.0 0.0040595399188092015
17.0 0.004871447902571042
18.0 0.005412719891745603
19.0 0.007848443843031122
20.0 0.008660351826792964
21.0 0.013802435723951286
22.0 0.015426251691474966
23.0 0.012178619756427604
24.0 0.01650879566982409
25.0 0.014614343707713126
26.0 0.015426251691474966
27.0 0.01948579161028417
28.0 0.02462787550744249
29.0 0.02165087956698241
30.0 0.020568335588633288
31.0 0.020838971583220567
32.0 0.013802435723951286
33.0 0.02246278755074425
34.0 0.023004059539918808
35.0 0.020568335588633288
36.0 0.020838971583220567
37.0 0.02354533152909337
38.0 0.02408660351826793
39.0 0.02489851150202977
40.0 0.02787550744248985
41.0 0.020838971583220567
42.0 0.019215155615696887
43.0 0.018673883626522326
44.0 0.02192151556156969
45.0 0.029228687415426252
46.0 0.02516914749661705
47.0 0.02625169147496617
48.0 0.02110960757780785
49.0 0.02192151556156969
50.0 0.02110960757780785
51.0 0.02165087956698241
52.0 0.02543978349120433
53.0 0.023004059539918808
54.0 0.02625169147496617
55.0 0.02787550744248985
56.0 0.02192151556156969
57.0 0.02354533152909337
58.0 0.019756427604871448
59.0 0.020838971583220567
60.0 0.02029769959404601
61.0 0.01650879566982409
62.0 0.014073071718538565
63.0 0.011907983761840324
64.0 0.011366711772665765
65.0 0.009742895805142085
66.0 0.010284167794316644
67.0 0.005683355886332882
68.0 0.004330175913396482
69.0 0.005683355886332882
70.0 0.005683355886332882
71.0 0.0040595399188092015
72.0 0.0008119079837618403
73.0 0.003247631935047361
74.0 0.0016238159675236806
75.0 0.0005412719891745603
76.0 0.0016238159675236806
77.0 0.0016238159675236806
78.0 0.00027063599458728013
