1.0 0.00032829940906106366
3.0 0.0006565988181221273
4.0 0.00032829940906106366
8.0 0.00032829940906106366
10.0 0.0006565988181221273
11.0 0.000984898227183191
12.0 0.0006565988181221273
13.0 0.0016414970453053185
14.0 0.003282994090610637
15.0 0.0036112934996717005
16.0 0.006565988181221274
17.0 0.005909389363099146
18.0 0.01247537754432042
19.0 0.007879185817465528
20.0 0.011162179908076166
21.0 0.015101772816808929
22.0 0.01772816808929744
23.0 0.01674326986211425
24.0 0.020354563361785948
25.0 0.021667760998030205
26.0 0.021667760998030205
27.0 0.020354563361785948
28.0 0.019041365725541694
29.0 0.023309258043335522
30.0 0.020354563361785948
31.0 0.022652659225213395
32.0 0.02495075508864084
33.0 0.02133946158896914
34.0 0.021011162179908074
35.0 0.023637557452396585
36.0 0.02232435981615233
37.0 0.02856204858831254
38.0 0.018056467498358503
39.0 0.020026263952724884
40.0 0.024294156270518712
41.0 0.020354563361785948
42.0 0.030860144451739988
43.0 0.019041365725541694
44.0 0.024294156270518712
45.0 0.02396585686145765
46.0 0.026920551543007223
47.0 0.023309258043335522
48.0 0.019369665134602757
49.0 0.021996060407091268
50.0 0.02068286277084701
51.0 0.01871306631648063
52.0 0.019369665134602757
53.0 0.02495075508864084
54.0 0.019041365725541694
55.0 0.021011162179908074
56.0 0.02298095863427446
57.0 0.021667760998030205
58.0 0.019369665134602757
59.0 0.017399868680236377
60.0 0.015758371634931056
61.0 0.01247537754432042
62.0 0.011818778726198293
63.0 0.008207485226526593
64.0 0.009520682862770847
65.0 0.00886408404464872
66.0 0.010177281680892974
67.0 0.004924491135915955
68.0 0.006565988181221274
69.0 0.003939592908732764
70.0 0.0026263952724885093
71.0 0.001969796454366382
72.0 0.003282994090610637
74.0 0.0013131976362442547
75.0 0.0013131976362442547
77.0 0.0013131976362442547
80.0 0.00032829940906106366
81.0 0.00032829940906106366
88.0 0.00032829940906106366
