2.0 0.0023333333333333335
3.0 0.0023333333333333335
4.0 0.003
5.0 0.0023333333333333335
6.0 0.0036666666666666666
7.0 0.0013333333333333333
8.0 0.0003333333333333333
9.0 0.0013333333333333333
10.0 0.002
11.0 0.0016666666666666668
12.0 0.0016666666666666668
13.0 0.005333333333333333
14.0 0.008
15.0 0.008666666666666666
16.0 0.009666666666666667
17.0 0.009666666666666667
18.0 0.011333333333333334
19.0 0.017333333333333333
20.0 0.02
21.0 0.015
22.0 0.018
23.0 0.017666666666666667
24.0 0.019333333333333334
25.0 0.021666666666666667
26.0 0.018666666666666668
27.0 0.023666666666666666
28.0 0.024
29.0 0.019666666666666666
30.0 0.018
31.0 0.019333333333333334
32.0 0.023
33.0 0.025666666666666667
34.0 0.024
35.0 0.023
36.0 0.023666666666666666
37.0 0.02266666666666667
38.0 0.028666666666666667
39.0 0.018666666666666668
40.0 0.022
41.0 0.022
42.0 0.024
43.0 0.021333333333333333
44.0 0.024333333333333332
45.0 0.017
46.0 0.021333333333333333
47.0 0.021333333333333333
48.0 0.021666666666666667
49.0 0.018666666666666668
50.0 0.020666666666666667
51.0 0.012
52.0 0.019666666666666666
53.0 0.02033333333333333
54.0 0.023
55.0 0.017
56.0 0.019333333333333334
57.0 0.015333333333333332
58.0 0.013
59.0 0.021
60.0 0.012
61.0 0.01
62.0 0.008333333333333333
63.0 0.009666666666666667
64.0 0.009
65.0 0.007666666666666666
66.0 0.004
67.0 0.0033333333333333335
68.0 0.007333333333333333
69.0 0.003
70.0 0.005
71.0 0.003
72.0 0.0016666666666666668
73.0 0.0013333333333333333
74.0 0.0003333333333333333
75.0 0.0013333333333333333
77.0 0.001
79.0 0.0003333333333333333
80.0 0.0003333333333333333
