3.0 0.0002733734281027884
9.0 0.0002733734281027884
10.0 0.0005467468562055768
11.0 0.0002733734281027884
12.0 0.0005467468562055768
13.0 0.001366867140513942
14.0 0.0016402405686167304
15.0 0.001366867140513942
16.0 0.0032804811372334607
17.0 0.005740841990158557
18.0 0.005467468562055768
19.0 0.005740841990158557
20.0 0.010934937124111536
21.0 0.00683433570256971
22.0 0.012301804264625479
23.0 0.01530891197375615
24.0 0.01694915254237288
25.0 0.015855658829961726
26.0 0.018589393110989613
27.0 0.01694915254237288
28.0 0.01694915254237288
29.0 0.021323127392017496
30.0 0.021596500820120285
31.0 0.021049753963914706
32.0 0.026790595954073265
33.0 0.025150355385456534
34.0 0.02050300710770913
35.0 0.01530891197375615
36.0 0.021596500820120285
37.0 0.0259704756697649
38.0 0.02405686167304538
39.0 0.01913613996719519
40.0 0.02186987424822307
41.0 0.026517222525970476
42.0 0.015855658829961726
43.0 0.01694915254237288
44.0 0.026517222525970476
45.0 0.02433023510114817
46.0 0.01913613996719519
47.0 0.02733734281027884
48.0 0.023783488244942592
49.0 0.0259704756697649
50.0 0.022963367960634227
51.0 0.023236741388737013
52.0 0.02706396938217605
53.0 0.019682886823400764
54.0 0.02733734281027884
55.0 0.025150355385456534
56.0 0.02733734281027884
57.0 0.026517222525970476
58.0 0.013395297977036633
59.0 0.022689994532531437
60.0 0.017495899398578457
61.0 0.016129032258064516
62.0 0.015855658829961726
63.0 0.014488791689447786
64.0 0.014762165117550574
65.0 0.010661563696008748
66.0 0.011481683980317113
67.0 0.007654455986878075
68.0 0.0065609622744669215
69.0 0.004647348277747403
70.0 0.003553854565336249
71.0 0.0038272279934390375
72.0 0.001366867140513942
73.0 0.002733734281027884
74.0 0.0005467468562055768
75.0 0.001366867140513942
76.0 0.0005467468562055768
77.0 0.0010934937124111536
78.0 0.0002733734281027884
80.0 0.0002733734281027884
81.0 0.0005467468562055768
82.0 0.0002733734281027884
85.0 0.0002733734281027884
86.0 0.0002733734281027884
