0.0 0.0003237293622531564
2.0 0.0003237293622531564
3.0 0.0003237293622531564
5.0 0.0012949174490126255
10.0 0.0003237293622531564
11.0 0.0006474587245063128
12.0 0.0003237293622531564
13.0 0.004532211071544189
14.0 0.004208481709291033
15.0 0.00356102298478472
16.0 0.006150857882809971
17.0 0.008416963418582066
18.0 0.013920362576885724
19.0 0.011006798316607317
20.0 0.012949174490126255
21.0 0.014891550663645193
22.0 0.01877630301068307
23.0 0.022013596633214633
24.0 0.015215280025898349
25.0 0.02233732599546779
26.0 0.020718679184202008
27.0 0.019423761735189383
28.0 0.021689867270961477
29.0 0.022013596633214633
30.0 0.018452573648429914
31.0 0.015862738750404663
32.0 0.022013596633214633
33.0 0.023632243444480415
34.0 0.024279702168986728
35.0 0.020718679184202008
36.0 0.02492716089349304
37.0 0.022013596633214633
38.0 0.025574619617999353
39.0 0.024603431531239884
40.0 0.02136613790870832
41.0 0.01974749109744254
42.0 0.020394949821948852
43.0 0.022013596633214633
44.0 0.025250890255746197
45.0 0.022013596633214633
46.0 0.02395597280673357
47.0 0.023632243444480415
48.0 0.02136613790870832
49.0 0.025574619617999353
50.0 0.019423761735189383
51.0 0.03010683068954354
52.0 0.025574619617999353
53.0 0.020071220459695695
54.0 0.020718679184202008
55.0 0.017481385561670445
56.0 0.018452573648429914
57.0 0.019423761735189383
58.0 0.019100032372936226
59.0 0.01974749109744254
60.0 0.012949174490126255
61.0 0.01424409193913888
62.0 0.00809323405632891
63.0 0.00809323405632891
64.0 0.010035610229847848
65.0 0.010359339592101004
66.0 0.00356102298478472
67.0 0.004855940433797346
68.0 0.006150857882809971
69.0 0.006474587245063127
70.0 0.0038847523470378763
71.0 0.0012949174490126255
72.0 0.0019423761735189381
73.0 0.0016186468112657818
74.0 0.0006474587245063128
75.0 0.0009711880867594691
77.0 0.0003237293622531564
78.0 0.0003237293622531564
79.0 0.0006474587245063128
80.0 0.0003237293622531564
81.0 0.0003237293622531564
