4.0 0.0002583311805734952
10.0 0.0002583311805734952
11.0 0.0002583311805734952
12.0 0.0002583311805734952
13.0 0.0007749935417204857
14.0 0.0012916559028674762
15.0 0.002324980625161457
16.0 0.0012916559028674762
17.0 0.0038749677086024285
18.0 0.003616636528028933
19.0 0.006974941875484371
20.0 0.010074916042366313
21.0 0.01033324722293981
22.0 0.01136657194523379
23.0 0.009558253681219323
24.0 0.018083182640144666
25.0 0.017049857917850686
26.0 0.014208214931542238
27.0 0.014983208473262722
28.0 0.021183156807026607
29.0 0.021958150348747093
30.0 0.020149832084732627
31.0 0.02324980625161457
32.0 0.024541462154482045
33.0 0.022474812709894085
34.0 0.0216998191681736
35.0 0.021958150348747093
36.0 0.019633169723585638
37.0 0.018083182640144666
38.0 0.021441487987600105
39.0 0.021441487987600105
40.0 0.019891500904159132
41.0 0.019633169723585638
42.0 0.021183156807026607
43.0 0.02066649444587962
44.0 0.024024799793335057
45.0 0.02221648152932059
46.0 0.022991475071041073
47.0 0.024799793335055543
48.0 0.023508137432188065
49.0 0.02919142340480496
50.0 0.024799793335055543
51.0 0.02376646861276156
52.0 0.024799793335055543
53.0 0.02376646861276156
54.0 0.02660811159907001
55.0 0.022474812709894085
56.0 0.026866442779643503
57.0 0.0216998191681736
58.0 0.022474812709894085
59.0 0.021183156807026607
60.0 0.019116507362438646
61.0 0.020924825626453113
62.0 0.0162748643761302
63.0 0.017049857917850686
64.0 0.013174890209248256
65.0 0.01188323430638078
66.0 0.010591578403513303
67.0 0.004391630069749419
68.0 0.007233273056057866
69.0 0.0049082924308964096
70.0 0.00594161715319039
71.0 0.003099974166881943
72.0 0.004391630069749419
73.0 0.0038749677086024285
74.0 0.0018083182640144665
75.0 0.0010333247222939809
76.0 0.0005166623611469904
77.0 0.0007749935417204857
78.0 0.0005166623611469904
79.0 0.0005166623611469904
80.0 0.0002583311805734952
81.0 0.0002583311805734952
85.0 0.0002583311805734952
