3.0 0.0003252032520325203
10.0 0.0006504065040650406
11.0 0.0003252032520325203
12.0 0.0013008130081300813
13.0 0.0016260162601626016
14.0 0.0026016260162601626
15.0 0.0032520325203252032
16.0 0.006178861788617886
17.0 0.004878048780487805
18.0 0.0045528455284552845
19.0 0.013333333333333334
20.0 0.013658536585365854
21.0 0.014959349593495935
22.0 0.015609756097560976
23.0 0.017235772357723576
24.0 0.016910569105691057
25.0 0.0175609756097561
26.0 0.018211382113821138
27.0 0.02113821138211382
28.0 0.01788617886178862
29.0 0.016260162601626018
30.0 0.021463414634146343
31.0 0.0224390243902439
32.0 0.0224390243902439
33.0 0.025365853658536587
34.0 0.026991869918699188
35.0 0.021463414634146343
36.0 0.0208130081300813
37.0 0.025691056910569107
38.0 0.026016260162601626
39.0 0.025040650406504064
40.0 0.023414634146341463
41.0 0.0191869918699187
42.0 0.023739837398373983
43.0 0.02113821138211382
44.0 0.020162601626016262
45.0 0.022764227642276424
46.0 0.021788617886178863
47.0 0.01788617886178862
48.0 0.018536585365853658
49.0 0.025040650406504064
50.0 0.02666666666666667
51.0 0.023089430894308944
52.0 0.021788617886178863
53.0 0.026991869918699188
54.0 0.025365853658536587
55.0 0.02113821138211382
56.0 0.01983739837398374
57.0 0.024065040650406506
58.0 0.015284552845528456
59.0 0.018536585365853658
60.0 0.017235772357723576
61.0 0.015284552845528456
62.0 0.013333333333333334
63.0 0.01040650406504065
64.0 0.011056910569105691
65.0 0.01040650406504065
66.0 0.0065040650406504065
67.0 0.005853658536585366
68.0 0.0065040650406504065
69.0 0.005203252032520325
70.0 0.0032520325203252032
71.0 0.0022764227642276423
72.0 0.0035772357723577236
73.0 0.0022764227642276423
74.0 0.0006504065040650406
75.0 0.001951219512195122
76.0 0.0006504065040650406
78.0 0.0006504065040650406
81.0 0.0003252032520325203
