0.0 0.00032425421530479895
1.0 0.00032425421530479895
2.0 0.00032425421530479895
3.0 0.0006485084306095979
5.0 0.0009727626459143969
6.0 0.00032425421530479895
8.0 0.00032425421530479895
9.0 0.00032425421530479895
10.0 0.0009727626459143969
11.0 0.0019455252918287938
12.0 0.001621271076523995
13.0 0.004215304798962386
14.0 0.002269779507133593
15.0 0.009727626459143969
16.0 0.009727626459143969
17.0 0.011348897535667963
18.0 0.011024643320363165
19.0 0.014591439688715954
20.0 0.014591439688715954
21.0 0.01297016861219196
22.0 0.017509727626459144
23.0 0.019455252918287938
24.0 0.014267185473411154
25.0 0.01880674448767834
26.0 0.019455252918287938
27.0 0.02204928664072633
28.0 0.020428015564202335
29.0 0.025616083009079117
30.0 0.020752269779507133
31.0 0.022697795071335927
32.0 0.023346303501945526
33.0 0.020428015564202335
34.0 0.02204928664072633
35.0 0.021400778210116732
36.0 0.02204928664072633
37.0 0.019779507133592736
38.0 0.01848249027237354
39.0 0.019455252918287938
40.0 0.027885862516212712
41.0 0.020428015564202335
42.0 0.023346303501945526
43.0 0.02496757457846952
44.0 0.023994811932555125
45.0 0.021400778210116732
46.0 0.021400778210116732
47.0 0.021076523994811934
48.0 0.026588845654993514
49.0 0.022697795071335927
50.0 0.025616083009079117
51.0 0.021400778210116732
52.0 0.01621271076523995
53.0 0.021076523994811934
54.0 0.01913099870298314
55.0 0.01913099870298314
56.0 0.018158236057068743
57.0 0.019779507133592736
58.0 0.016536964980544747
59.0 0.017509727626459144
60.0 0.013942931258106356
61.0 0.013618677042801557
62.0 0.01264591439688716
63.0 0.01264591439688716
64.0 0.010700389105058366
65.0 0.0074578469520103765
66.0 0.007133592736705577
67.0 0.0048638132295719845
68.0 0.004539559014267186
69.0 0.0048638132295719845
70.0 0.004215304798962386
71.0 0.001621271076523995
72.0 0.0012970168612191958
73.0 0.0006485084306095979
74.0 0.0009727626459143969
75.0 0.0006485084306095979
76.0 0.0012970168612191958
77.0 0.0006485084306095979
79.0 0.0006485084306095979
80.0 0.00032425421530479895
85.0 0.00032425421530479895
