1.0 0.0006666666666666666
2.0 0.0006666666666666666
3.0 0.0023333333333333335
4.0 0.0036666666666666666
5.0 0.002
6.0 0.0013333333333333333
7.0 0.0013333333333333333
8.0 0.0003333333333333333
9.0 0.001
10.0 0.0033333333333333335
11.0 0.004
12.0 0.003
13.0 0.005333333333333333
14.0 0.005
15.0 0.005
16.0 0.011
17.0 0.012
18.0 0.012333333333333333
19.0 0.010666666666666666
20.0 0.014
21.0 0.016
22.0 0.017333333333333333
23.0 0.013666666666666667
24.0 0.014666666666666666
25.0 0.019333333333333334
26.0 0.021333333333333333
27.0 0.021
28.0 0.022333333333333334
29.0 0.021666666666666667
30.0 0.025666666666666667
31.0 0.027666666666666666
32.0 0.022333333333333334
33.0 0.020666666666666667
34.0 0.026
35.0 0.021333333333333333
36.0 0.019333333333333334
37.0 0.023666666666666666
38.0 0.019666666666666666
39.0 0.019
40.0 0.025333333333333333
41.0 0.025666666666666667
42.0 0.023
43.0 0.022333333333333334
44.0 0.024
45.0 0.022
46.0 0.026333333333333334
47.0 0.024
48.0 0.022
49.0 0.022333333333333334
50.0 0.023
51.0 0.019333333333333334
52.0 0.019333333333333334
53.0 0.016666666666666666
54.0 0.025333333333333333
55.0 0.018333333333333333
56.0 0.016666666666666666
57.0 0.017
58.0 0.014
59.0 0.013666666666666667
60.0 0.011333333333333334
61.0 0.011
62.0 0.011
63.0 0.010333333333333333
64.0 0.007666666666666666
65.0 0.008666666666666666
66.0 0.005
67.0 0.005333333333333333
68.0 0.004666666666666667
69.0 0.002
70.0 0.004
71.0 0.0013333333333333333
72.0 0.001
73.0 0.0013333333333333333
74.0 0.001
75.0 0.0013333333333333333
76.0 0.0003333333333333333
77.0 0.0003333333333333333
82.0 0.0003333333333333333
